global_coordinates:
  altitude: 90.0
  latitude: 40.59135818481445
  longitude: -79.89840698242188
px4_dir: /home/airlab/darpa/isaac_px4_fork
